Percentage of reads
--------------------
matched: 95.37171166561087
hopped: 0.2034584814097438
unknown: 4.424829852979385
